Matriz A:

                                              Elementos
-------------------------------------------------------
Linh: 0     -17      21       2      -8     -57       0
Linh: 1      -1      64    -272     791       7      -4
Linh: 2    -100      14      17      33     -10     320
Linh: 3       0       2      55      87       0      15
Linh: 4      81      21       2       0      27       0
-------------------------------------------------------
> Zero:       1       5       4       3       2       2