Matriz A:

                                              Elementos |   MedQuad | Impares
--------------------------------------------------------|-----------|--------
Linh: 0     -17      21       2      -8     -57       0 |    674.50 |       3
Linh: 1      -1      64    -272     791       7      -4 | 117304.50 |       3
Linh: 2    -100      14      17      33     -10     320 |  19012.33 |       2
Linh: 3       0       2      55      87       0      15 |   1803.83 |       3
Linh: 4      81      21       2       0      27       0 |   1289.17 |       3
--------------------------------------------------------|-----------|--------
> Zero:       1       5       4       3       2       2
Menor :    -100       2    -272      -8     -57      -4


Matriz B:

                                              Elementos
-------------------------------------------------------
Linh: 0     178    -219     762      61     830     116
Linh: 1      89      80    -212     841     428      18
Linh: 2     -30    -212     995    -135     883     319
Linh: 3    -245     736     129     166     102     825
Linh: 4     834     116     -23     388     193    -218
-------------------------------------------------------